0 140
1 4
2 4
3 4
4 4
5 4
6 4
7 4
8 4
9 4
10 4
11 4
12 4
13 4
14 4
15 4
16 4
17 4
18 4
19 4
20 4
21 4
22 4
23 4
24 4
25 4
26 4
27 4
28 4
29 4
30 4
31 4
32 4
33 4
34 4
35 4
36 4
37 4
38 4
39 4
40 4
41 4
42 4
43 4
44 4
45 4
46 4
47 4
48 4
49 4
50 4
51 4
52 4
53 4
54 4
55 4
56 4
57 4
58 4
59 4
60 4
61 4
62 4
63 4
64 4
65 4
66 4
67 4
68 4
69 4
70 4
71 4
72 4
73 4
74 4
75 4
76 4
77 4
78 4
79 4
80 4
81 4
82 4
83 4
84 4
85 4
86 4
87 4
88 4
89 4
90 4
91 4
92 4
93 4
94 4
95 4
96 4
97 4
98 4
99 4
100 4
101 140
102 140
103 140
104 140
105 140
106 140
107 140
108 140
109 140
110 140
111 140
112 140
113 140
114 140
115 140
116 140
117 140
118 140
119 140
120 140
121 140
122 140
123 140
124 140
125 140
126 140
127 140
128 140
129 140
130 140
131 140
132 140
133 140
134 140
135 140
136 140
137 140
138 140
139 140
140 140
141 140
142 140
143 140
144 140
145 140
146 140
147 140
148 140
149 140
150 140
151 140
152 140
153 140
154 140
155 140
156 140
157 140
158 140
159 140
160 140
161 140
162 140
163 140
164 140
165 140
166 140
167 140
168 140
169 140
170 140
171 140
172 140
173 140
174 140
175 140
176 140
177 140
178 140
179 140
180 140
181 140
182 140
183 140
184 140
185 140
186 140
187 140
188 140
189 140
190 140
191 140
192 140
193 140
194 140
195 140
196 140
197 140
198 140
199 140
200 140
201 207
202 207
203 207
204 207
205 207
206 207
207 207
208 207
209 207
210 207
211 207
212 207
213 207
214 207
215 207
216 207
217 207
218 207
219 207
220 207
221 207
222 207
223 207
224 207
225 207
226 207
227 207
228 207
229 207
230 207
231 207
232 207
233 207
234 207
235 207
236 207
237 207
238 207
239 207
240 207
241 207
242 207
243 207
244 207
245 207
246 207
247 207
248 207
249 207
250 207
251 207
252 207
253 207
254 207
255 207
256 207
257 207
258 207
259 207
260 207
261 207
262 207
263 207
264 207
265 207
266 207
267 207
268 207
269 207
270 207
271 207
272 207
273 207
274 207
275 207
276 207
277 207
278 207
279 207
280 207
281 207
282 207
283 207
284 207
285 207
286 207
287 207
288 207
289 207
290 207
291 207
292 207
293 207
294 207
295 207
296 207
297 207
298 207
299 207
300 207
301 303
302 303
303 303
304 303
305 303
306 303
307 303
308 303
309 303
310 303
311 303
312 303
313 303
314 303
315 303
316 303
317 303
318 303
319 303
320 303
321 303
322 303
323 303
324 303
325 303
326 303
327 303
328 303
329 303
330 303
331 303
332 303
333 303
334 303
335 303
336 303
337 303
338 303
339 303
340 303
341 303
342 303
343 303
344 303
345 303
346 303
347 303
348 303
349 303
350 303
351 303
352 303
353 303
354 303
355 303
356 303
357 303
358 303
359 303
360 303
361 303
362 303
363 303
364 303
365 303
366 303
367 303
368 303
369 303
370 303
371 303
372 303
373 303
374 303
375 303
376 303
377 303
378 303
379 303
380 303
381 303
382 303
383 303
384 303
385 303
386 303
387 303
388 303
389 303
390 303
391 303
392 303
393 303
394 303
395 303
396 303
397 303
398 303
399 303
400 303
